710 2422.8516 -1022.1953 66.4453 0.25
709 2653.4219 -909.7031 71.0625 0.25
706 2691.1953 -849.9297 63.0234 0.25
706 2699.8438 -961.7969 75.1250 0.25
709 2626.3828 -847.2813 71.7656 0.25
706 2559.3047 -915.7422 81.7266 0.25
3298 2512.1797 -1023.9219 69.5313 0.25
3298 2578.9531 -1029.9844 69.0859 0.25
3300 2544.5469 -1029.1250 70.4688 0.25
3299 2493.3906 -944.1484 81.6094 0.25
3299 2564.9609 -1028.2422 69.0078 0.25
620 2417.4922 -1015.3516 50.3359 0.25
700 2443.3594 -1015.9219 54.2266 0.25
673 2447.0625 -1021.2734 56.2734 0.25
660 2467.0391 -1021.4063 59.5234 0.25
617 2492.2969 -1029.8594 64.9531 0.25
617 2520.8984 -1031.3750 67.9531 0.25
3241 2512.1797 -1023.9219 69.5313 0.25
656 2511.2734 -1014.6641 68.0391 0.25
700 2443.0000 -1006.6641 55.9688 0.25
673 2441.3672 -967.4766 79.0703 0.25
671 2471.6250 -976.6953 78.6953 0.25
1410 2468.1172 -975.4297 79.7422 0.25
617 2484.9297 -966.9922 80.1641 0.25
673 2516.9688 -979.1406 80.9766 0.25
1407 2508.9844 -977.7891 81.3359 0.25
1410 2486.6563 -952.0859 81.9453 0.25
3283 2493.3906 -944.1484 81.6094 0.25
656 2536.5000 -1019.5859 69.3281 0.25
3285 2544.5469 -1029.1250 70.4688 0.25
3241 2578.9531 -1029.9844 69.0859 0.25
3283 2564.9609 -1028.2422 69.0078 0.25
659 2555.4297 -1026.7969 68.2500 0.25
659 2568.9375 -1021.5078 68.0938 0.25
620 2693.3984 -1037.4609 68.1094 0.25
620 2731.0938 -1037.1016 54.4219 0.25
620 2765.2813 -1037.1016 41.8438 0.25
617 2540.5859 -975.1641 80.7422 0.25
617 2620.9688 -966.2422 78.8828 0.25
671 2571.2422 -958.1016 80.6484 0.25