3655 2608.99976 -1031.84192 72.31073 0.00000 0.00000 90.00000
3655 2589.36353 -1032.11230 72.31073 0.00000 0.00000 90.00000
3655 2588.86450 -1018.97418 75.50790 0.00000 0.00000 0.00000
3655 2609.49048 -1018.90131 76.22925 0.00000 0.00000 0.00000
3655 2606.63550 -1004.89429 77.56875 0.00000 0.00000 22.99210
3655 2587.20679 -1009.94879 77.87171 0.00000 0.00000 20.18665
3655 2581.56543 -1002.21344 80.95146 0.00000 0.00000 45.50563
3655 2601.86426 -993.59015 80.91378 0.00000 0.00000 22.99210
3655 2588.94702 -971.90009 83.69572 0.00000 0.00000 94.30769
3655 2576.93872 -972.70428 83.69572 0.00000 0.00000 94.30769
3655 2570.78125 -954.18097 83.69572 0.00000 0.00000 102.49493
3655 2582.48682 -951.64185 83.69572 0.00000 0.00000 102.49493
3655 2553.78906 -957.93323 83.69572 0.00000 0.00000 102.49493
3655 2593.89990 -947.92004 83.69572 0.00000 0.00000 102.49493
3655 2604.02271 -967.87189 82.77140 0.00000 0.00000 102.49490
3655 2615.67285 -964.33051 82.77142 0.00000 0.00000 102.49493
3655 2627.21533 -961.41901 82.64950 0.00000 0.00000 102.49493
3655 2605.13013 -943.49170 82.87344 0.00000 0.00000 102.49493
3655 2616.50415 -939.62488 82.00202 0.00000 0.00000 102.49493
3655 2610.04395 -987.09491 82.77140 0.00000 0.00000 102.49490
3655 2621.85376 -984.92822 82.77140 0.00000 0.00000 102.49490
3655 2633.41382 -983.14398 82.36433 0.00000 0.00000 102.08578
3655 2573.93848 -996.72388 82.29117 0.00000 0.00000 61.90626
3655 2560.16821 -989.35474 83.62772 0.00000 0.00000 61.90626
3655 2549.62500 -983.78589 83.62772 0.00000 0.00000 61.90626
3655 2532.05249 -980.89203 84.20581 0.00000 0.00000 91.69283
3655 2565.67383 -1010.40009 81.68581 0.00000 0.00000 94.30769
19377 2567.45020 -999.56183 78.91843 0.00000 90.00000 332.82407
19377 2559.87183 -1006.40662 78.91843 0.00000 90.00000 332.82407
19377 2558.00586 -994.88086 78.91843 0.00000 90.00000 332.82407
3655 2552.07690 -1004.86548 83.02068 0.00000 0.00000 61.90626
19377 2538.32129 -985.92566 80.59683 0.00000 90.00000 332.82407
19377 2546.46216 -989.99377 80.49482 0.00000 90.00000 332.82407
19377 2555.51099 -994.11774 78.31060 0.00000 115.00000 333.00000
3655 2541.97803 -998.95197 83.52469 0.00000 0.00000 61.90626
3655 2542.78760 -959.28638 83.69572 0.00000 0.00000 102.49493
3655 2532.23901 -960.71649 84.20581 0.00000 0.00000 91.69283
3655 2520.65234 -960.58673 84.20581 0.00000 0.00000 91.69283
3655 2506.78101 -961.30066 84.20581 0.00000 0.00000 91.69283
3655 2495.27490 -962.48352 84.20581 0.00000 0.00000 91.69283
3655 2485.61914 -959.94293 83.57824 0.00000 0.00000 91.69283
3655 2468.20093 -961.65118 82.45295 0.00000 0.00000 91.69283
3655 2456.59009 -960.84210 82.45295 0.00000 0.00000 91.69283
3655 2444.96338 -962.08441 82.45295 0.00000 0.00000 91.69283
18368 2515.07837 -1002.54315 76.25788 0.00000 0.00000 -90.00000
19377 2535.23413 -995.22650 80.59683 0.00000 90.00000 332.82407
3655 2530.17090 -990.41968 83.52469 0.00000 0.00000 61.90626
3655 2516.09668 -995.05841 83.79977 0.00000 0.00000 100.50851
19377 2526.89917 -996.40845 80.59680 0.00000 90.00000 0.00000
3655 2509.12939 -994.14941 83.52469 0.00000 0.00000 61.90626
3655 2496.87988 -983.00702 83.52469 0.00000 0.00000 61.90626
3655 2520.36084 -981.33240 84.20581 0.00000 0.00000 91.69283
19377 2503.79736 -993.70337 80.79780 0.00000 90.00000 332.69931
19377 2505.95776 -984.27209 80.79780 0.00000 90.00000 332.69931
19377 2510.33960 -975.72125 80.79780 0.00000 90.00000 332.69931
19377 2517.13623 -985.23877 80.79780 0.00000 90.00000 332.69931
14409 2469.08276 -979.72101 77.61694 0.00000 0.00000 0.00000
19377 2494.51294 -988.91858 80.79780 0.00000 90.00000 332.69931
3655 2488.38843 -981.22992 84.20581 0.00000 0.00000 91.69283
3655 2476.97119 -980.76868 82.45295 0.00000 0.00000 91.69283
3655 2461.40527 -981.00317 82.45295 0.00000 0.00000 91.69283
3655 2449.92944 -980.67200 82.45295 0.00000 0.00000 91.69283
3655 2438.51147 -981.57758 81.64594 0.00000 0.00000 91.69283
3655 2432.92822 -960.77802 82.45295 0.00000 0.00000 91.69283
19377 2485.61694 -986.80774 80.79780 0.00000 90.00000 271.66339
3629 2539.79785 -1003.40649 58.16787 0.00000 90.00000 240.37004
3629 2527.38452 -839.38293 72.37581 0.00000 -90.00000 271.87460
19377 2457.19995 -987.61670 80.79780 0.00000 90.00000 271.66339
19377 2447.67944 -987.91241 80.79780 0.00000 90.00000 271.66339
14409 2494.19116 -996.32977 77.61690 0.00000 0.00000 152.00000
14409 2440.75391 -987.80133 77.61690 0.00000 0.00000 90.00000
3655 2424.60571 -981.57367 80.02393 0.00000 0.00000 91.69283
19377 2434.17017 -980.30579 77.69466 0.00000 90.00000 271.66339
3629 2417.80225 -991.07715 55.39502 0.00000 90.00000 271.87463
3285 2434.60938 -1009.07813 55.24219 3.14159 0.00000 1.32002
19377 2434.09546 -988.68732 77.66050 0.00000 90.00000 1.35501
19377 2423.86548 -988.99164 77.66050 0.00000 90.00000 1.35501
19377 2413.43921 -989.25452 77.66050 0.00000 90.00000 1.35501
19377 2402.94336 -989.47913 77.66050 0.00000 90.00000 1.35501
19377 2397.76587 -989.80127 77.66050 0.00000 90.00000 1.35501
3655 2412.63306 -981.95758 80.02393 0.00000 0.00000 91.69283
3655 2401.76489 -983.56482 80.02393 0.00000 0.00000 91.69283
3655 2401.71460 -983.33997 72.63282 0.00000 0.00000 91.69283
14409 2394.47656 -982.78204 74.49690 0.00000 0.00000 1.51589
19377 2392.34766 -981.16235 72.96937 0.00000 0.00000 1.35500
3655 2421.41357 -961.86810 81.00069 0.00000 0.00000 94.39017
3655 2406.13599 -963.33881 78.61256 0.00000 0.00000 96.47125
3655 2404.89648 -954.38263 86.06733 0.00000 0.00000 96.47125
3655 2420.70874 -953.91071 84.80464 0.00000 0.00000 94.92133
3629 2510.74463 -992.16022 58.16787 0.00000 90.00000 240.37004
19791 2565.29053 -1013.30664 67.95702 0.00000 0.00000 1.49474
19791 2572.96509 -1014.31476 69.59487 0.00000 0.00000 1.49474
19791 2582.06030 -1014.83459 69.59487 0.00000 0.00000 1.49474
19791 2574.54126 -1005.03070 69.59487 0.00000 0.00000 1.49474
19313 2482.88501 -992.09167 81.36220 0.00000 0.00000 1.49474
19313 2392.68628 -988.58380 78.06810 0.00000 0.00000 91.75595
19377 2392.45337 -981.11188 72.96937 0.00000 0.00000 1.35500
19377 2494.87329 -999.20044 76.56506 0.00000 0.00000 331.57217
3655 2611.78149 -920.15424 80.92349 0.00000 0.00000 100.45744
3655 2600.63086 -923.70374 82.74361 0.00000 0.00000 100.45744
3655 2589.44287 -929.60199 83.66151 0.00000 0.00000 100.45744
3655 2563.80713 -934.14069 84.66705 0.00000 0.00000 100.45744
3655 2552.39282 -936.98529 85.23017 0.00000 0.00000 102.49493
3655 2540.77441 -938.63806 85.23017 0.00000 0.00000 102.49493
3655 2525.55884 -940.27039 85.23017 0.00000 0.00000 102.49493
3655 2510.68726 -943.88928 85.23017 0.00000 0.00000 102.49493
3655 2497.55103 -942.32721 84.20581 0.00000 0.00000 91.69283
3655 2485.98145 -941.80225 83.57824 0.00000 0.00000 91.69283
3655 2467.30762 -944.17224 82.64139 0.00000 0.00000 91.69283
3655 2455.37769 -942.98730 82.39830 0.00000 0.00000 91.69283
3655 2443.69336 -944.07043 82.65692 0.00000 0.00000 91.89890
3655 2433.91333 -942.43127 83.68127 0.00000 0.00000 91.69283
3655 2418.06104 -938.09064 86.86395 0.00000 0.00000 94.92133
3655 2399.61548 -941.45764 95.16232 0.00000 0.00000 96.47125
17513 2505.21094 -890.45038 89.21368 0.00000 0.00000 5.33978
19377 2476.08472 -987.09833 80.79780 0.00000 90.00000 271.66339
19377 2475.97144 -931.68054 80.37267 2.00000 102.00000 272.00000
3655 2484.86865 -919.08960 96.85624 0.00000 0.00000 91.69283
3655 2485.44629 -928.19464 83.57824 0.00000 0.00000 91.69283
3655 2485.93994 -929.75275 90.46906 0.00000 0.00000 91.69283
3655 2466.84082 -932.37347 90.46906 0.00000 0.00000 91.69283
3655 2466.83960 -931.23230 83.57824 0.00000 0.00000 91.69283
3655 2466.46558 -919.33234 96.85624 0.00000 0.00000 91.69283
12814 2476.76880 -925.85883 87.82265 22.00000 0.00000 0.00000
19377 2466.52905 -987.37903 80.79780 0.00000 90.00000 271.66339
12814 2427.42261 -905.22754 98.06187 0.00000 0.00000 90.00000
3655 2484.29810 -904.98773 97.46327 0.00000 0.00000 91.69283
3655 2484.75464 -919.07562 90.46906 0.00000 0.00000 91.69283
3655 2485.18164 -883.78937 100.38031 0.00000 0.00000 271.54996
3655 2473.91846 -886.03552 100.38031 0.00000 0.00000 271.54996
3655 2462.71777 -888.89667 101.53599 0.00000 0.00000 271.54996
3655 2451.60425 -891.02716 101.53599 0.00000 0.00000 271.54996
3655 2452.89038 -907.78583 101.18060 0.00000 0.00000 91.69283
3655 2465.15454 -907.63281 96.85624 0.00000 0.00000 91.69283
3655 2466.44458 -919.35150 90.46906 0.00000 0.00000 91.69283
19791 2487.61792 -912.75916 93.49819 0.00000 0.00000 4.14120
19791 2491.10498 -922.09442 84.18095 0.00000 0.00000 4.14120
19791 2490.90210 -920.78668 93.58898 0.00000 0.00000 4.14120
3655 2501.44971 -919.52081 99.55683 0.00000 0.00000 91.69283
3655 2508.97876 -925.72241 86.17020 0.00000 0.00000 91.69283
3655 2520.94189 -922.42682 86.67421 0.00000 0.00000 91.69283
3655 2532.76025 -921.08667 86.67421 0.00000 0.00000 91.69283
3655 2544.72217 -921.24567 86.67421 0.00000 0.00000 91.69283
3655 2497.22437 -926.96960 86.17020 0.00000 0.00000 91.69283
3655 2514.95337 -919.55768 92.22934 0.00000 0.00000 91.69283
3655 2526.73706 -919.71332 92.22934 0.00000 0.00000 91.69283
3655 2538.71753 -917.86188 92.22934 0.00000 0.00000 91.69283
3655 2550.29663 -916.02905 92.22934 0.00000 0.00000 91.69283
3655 2554.99683 -919.99603 86.06087 0.00000 0.00000 102.49493
3655 2503.04419 -921.84961 92.22934 0.00000 0.00000 91.69283
3655 2512.70215 -917.13715 100.07314 0.00000 0.00000 91.69283
3655 2524.10278 -914.15790 99.24458 0.00000 0.00000 91.69283
3655 2535.78662 -915.71649 99.02692 0.00000 0.00000 91.69283
14409 2549.17480 -869.55310 91.33546 0.00000 0.00000 276.39542
19791 2551.76416 -885.92035 93.60630 0.00000 0.00000 4.14120
19791 2552.44971 -895.72137 93.60630 0.00000 0.00000 4.14120
19791 2553.21680 -905.64606 93.60630 0.00000 0.00000 4.14120
19791 2546.43799 -913.04407 93.60630 0.00000 0.00000 4.14120
19791 2551.45654 -876.04510 84.19096 0.00000 0.00000 4.14120
19791 2548.72852 -876.28479 93.60630 0.00000 0.00000 4.14120
19791 2550.69189 -862.39069 93.77136 0.00000 0.00000 8.16697
19791 2550.69189 -862.39069 84.19096 0.00000 0.00000 8.16697
3655 2569.33057 -869.02594 91.33399 0.00000 0.00000 5.80459
3655 2569.58789 -880.60187 91.33399 0.00000 0.00000 5.80459
12814 2555.96680 -882.41467 88.64074 0.00000 0.00000 0.00000
12814 2557.40674 -895.09894 70.02989 90.00000 90.00000 4.05447
3655 2569.60767 -891.73334 91.33399 0.00000 0.00000 5.80459
3655 2570.26099 -903.13507 91.33399 0.00000 0.00000 0.37847
14409 2561.36890 -909.28601 85.40608 0.00000 0.00000 180.00000
19791 2554.63721 -909.30994 84.53017 0.00000 0.00000 4.14120
19791 2568.00366 -912.88507 83.59332 0.00000 0.00000 4.14120
3655 2570.49780 -917.80658 85.02922 0.00000 0.00000 8.55854
3655 2566.14868 -858.83215 91.33399 0.00000 0.00000 5.80459
12814 2491.98779 -859.82013 94.44500 0.00000 0.00000 90.51320
3655 2544.90894 -860.88177 91.75229 0.00000 0.00000 97.49607
3655 2533.44653 -861.85901 91.75229 0.00000 0.00000 90.00000
3655 2522.73267 -863.29370 92.21650 0.00000 0.00000 93.88690
3655 2559.87256 -847.43896 91.75229 0.00000 0.00000 90.00000
3655 2550.47363 -844.23694 91.03094 0.00000 0.00000 1.38480
3655 2537.04712 -843.41553 91.03094 0.00000 0.00000 1.38480
3655 2522.72095 -842.86029 97.74789 0.00000 0.00000 1.38480
3655 2522.76563 -863.39014 99.65382 0.00000 0.00000 93.88690
12814 2539.86914 -858.46698 84.69042 23.00000 0.00000 90.00000
12814 2536.50708 -859.22540 88.53869 0.00000 0.00000 90.00000
3655 2522.91650 -842.88837 91.03094 0.00000 0.00000 1.38480
3655 2501.98999 -856.47443 97.74789 0.00000 0.00000 1.38480
3655 2503.22363 -869.49323 99.82561 0.00000 0.00000 94.95812
3655 2492.42334 -870.61017 99.82561 0.00000 0.00000 94.95812
3629 2542.57935 -840.42065 72.37581 0.00000 -90.00000 271.87460
3629 2572.09888 -864.67078 72.37580 0.00000 -90.00000 187.32394
3629 2574.15698 -895.15204 70.09157 0.00000 -90.00000 187.32394
3655 2439.89551 -892.73755 101.53599 0.00000 0.00000 271.54996
3655 2438.36646 -906.61621 101.53599 0.00000 0.00000 271.54996
3655 2457.25439 -918.22382 99.64718 0.00000 0.00000 91.69283
3655 2446.95850 -924.92322 101.18060 0.00000 0.00000 91.69283
3655 2435.52100 -925.59131 101.18060 0.00000 0.00000 91.69283
3655 2424.28857 -922.88165 101.18060 0.00000 0.00000 91.69283
3655 2426.71484 -906.68909 101.18060 0.00000 0.00000 91.69283
3655 2415.32739 -906.79749 101.18060 0.00000 0.00000 91.69283
3655 2412.69067 -924.16437 93.01060 0.00000 0.00000 91.69283
3629 2432.46997 -932.70789 75.55666 0.00000 90.00000 273.62860
3655 2397.87476 -928.46497 100.73978 0.00000 0.00000 96.47125
14409 2406.15186 -931.31812 89.49863 0.00000 0.00000 186.28352
3655 2421.41748 -961.15527 86.16010 0.00000 0.00000 94.30614
3655 2408.51172 -906.25519 101.42116 0.00000 0.00000 91.69283
3655 2397.80078 -917.46783 92.78745 0.00000 0.00000 91.69283
3655 2398.31396 -928.89563 92.85089 0.00000 0.00000 96.47125
3655 2399.79077 -941.70483 88.31675 0.00000 0.00000 96.47125
3655 2397.80762 -917.62238 101.18060 0.00000 0.00000 91.69283
3655 2412.69067 -924.16437 101.18060 0.00000 0.00000 91.69283
3655 2461.99854 -929.65479 91.23531 0.00000 0.00000 91.69283
3655 2534.19824 -862.36505 99.72764 0.00000 0.00000 96.34878
19791 2543.79004 -862.96368 93.77136 0.00000 0.00000 8.16697
946 2505.88281 -879.09839 99.15108 0.00000 0.00000 185.02946
946 2532.29712 -876.71344 97.84440 0.00000 0.00000 184.51727
946 2534.69556 -903.76892 97.72488 0.00000 0.00000 5.02950
946 2508.42212 -906.50220 99.35210 0.00000 0.00000 5.02950
16151 2493.45728 -908.51245 97.58057 0.00000 0.00000 183.95886
643 2498.96216 -910.24420 97.59750 0.00000 0.00000 0.00000
643 2503.75488 -910.09595 97.59750 0.00000 0.00000 0.00000
643 2495.18872 -903.13727 97.59750 0.00000 0.00000 0.00000
643 2494.69165 -899.61115 97.59750 0.00000 0.00000 0.00000
14409 2405.14648 -922.11279 94.91566 0.00000 0.00000 186.28352
19791 2487.03027 -902.92041 93.60629 0.00000 0.00000 4.14120
3629 2467.85669 -989.95123 58.68929 0.00000 90.00000 271.87463
12814 2477.22949 -877.67181 97.18370 0.00000 0.00000 0.00000
3655 2580.13232 -1018.66235 71.57103 0.00000 0.00000 0.00000
3655 2620.58374 -1032.74976 72.31073 0.00000 0.00000 90.00000
3655 2632.60742 -1031.55518 71.69553 0.00000 0.00000 90.00000
3655 2644.62280 -1032.21423 71.69553 0.00000 0.00000 90.00000
3655 2656.60669 -1032.56445 71.69553 0.00000 0.00000 90.00000
3655 2668.48853 -1033.32544 71.69553 0.00000 0.00000 90.00000
3655 2680.30396 -1032.52832 78.62075 0.00000 0.00000 90.00000
3655 2680.43164 -1033.45520 71.69553 0.00000 0.00000 90.00000
3655 2680.00439 -1021.11987 87.12814 0.00000 0.00000 90.00000
3655 2656.90576 -1023.94720 79.55020 0.00000 0.00000 90.00000
3655 2645.07129 -1024.37012 79.55020 0.00000 0.00000 90.00000
3655 2633.08960 -1024.19568 79.55020 0.00000 0.00000 90.00000
3655 2621.44141 -1024.08093 79.55020 0.00000 0.00000 90.00000
3655 2668.77710 -1024.19482 79.55025 0.00000 0.00000 90.00000
19791 2681.05518 -1022.06525 73.42297 0.00000 0.00000 0.04779
3655 2668.32471 -1014.80554 87.83718 0.00000 0.00000 90.00000
3655 2656.89868 -1016.17004 87.83718 0.00000 0.00000 90.00000
3655 2645.14844 -1013.86670 87.83718 0.00000 0.00000 90.00000
3655 2633.22168 -1013.64606 85.56132 0.00000 0.00000 90.00000
3655 2621.27075 -1011.62732 83.84549 0.00000 0.00000 90.00000
3655 2610.74097 -999.70844 84.60151 0.00000 0.00000 90.00000
3655 2643.77271 -993.83313 85.55005 0.00000 0.00000 102.49493
3655 2655.07300 -994.18146 86.88660 0.00000 0.00000 102.49493
3655 2679.77759 -1008.50299 88.03048 0.00000 0.00000 102.49493
3655 2669.68262 -993.13092 88.03048 0.00000 0.00000 102.49493
3655 2666.06104 -980.65955 85.06247 0.00000 0.00000 102.49493
3655 2643.01855 -979.79419 82.05116 0.00000 0.00000 102.49490
3655 2636.52612 -958.54254 81.77735 0.00000 0.00000 102.49493
3655 2651.08765 -977.18384 81.89262 0.00000 0.00000 102.49493
3655 2691.52808 -1031.95728 71.69553 0.00000 0.00000 90.00000
3655 2705.39429 -1025.63525 76.06490 20.00000 0.00000 90.00000
3655 2716.14746 -1025.73230 72.39368 20.00000 0.00000 91.12047
3655 2725.17334 -1033.86145 59.99419 20.00000 0.00000 90.00000
3655 2769.25513 -1033.39124 43.69220 20.00000 0.00000 89.76846
3655 2779.97852 -1031.74597 39.61226 20.00000 0.00000 89.77076
3655 2790.87061 -1032.71375 35.84403 20.00000 0.00000 89.77303
3655 2758.39648 -1033.11511 47.96202 20.00000 0.00000 90.00000
3655 2747.17798 -1032.15063 51.85143 20.00000 0.00000 90.00000
3655 2736.12695 -1033.80078 56.05378 20.00000 0.00000 90.00000
3655 2802.35791 -1033.02075 32.42219 20.00000 0.00000 89.65302
3655 2811.60620 -1033.37830 30.60669 0.00000 0.00000 0.20100
3655 2819.61914 -1032.97119 33.22741 0.00000 0.00000 0.20100
3655 2691.39746 -1022.83423 78.62075 0.00000 0.00000 90.00000
3655 2702.96533 -1032.42029 68.81844 20.00000 0.00000 90.00000
3655 2714.31104 -1032.69873 64.75281 20.00000 0.00000 90.00000
3655 2727.25122 -1025.32849 68.09232 20.00000 0.00000 90.00000
3655 2749.08081 -1022.80615 59.82476 20.00000 0.00000 90.48908
3655 2738.20313 -1024.73645 63.78463 20.00000 0.00000 90.84000
3655 2764.05786 -1016.14923 63.51627 20.00000 0.00000 90.48908
3655 2791.03369 -1006.51776 59.01030 20.00000 0.00000 90.73927
3655 2781.77979 -1023.05267 47.46576 20.00000 0.00000 90.48908
3655 2797.67310 -1016.15247 47.96262 20.00000 0.00000 89.66051
3655 2804.21362 -1026.99109 38.53531 20.00000 0.00000 89.66051
3655 2811.36035 -1030.80933 36.83879 0.00000 0.00000 0.20100
3655 2821.29419 -1034.20874 26.21035 0.00000 0.00000 0.20100
19791 2694.59229 -1033.73181 65.78124 0.00000 0.00000 1.13223
19791 2696.84619 -1024.47461 72.78608 0.00000 0.00000 359.17078
17513 2738.38892 -972.39093 64.77603 0.00000 0.00000 90.55604
3655 2774.70288 -975.74756 62.81962 0.00000 0.00000 0.20100
3655 2766.95337 -965.54852 69.61797 0.00000 0.00000 0.20100
3655 2766.87231 -953.63019 68.44992 0.00000 0.00000 0.20100
3655 2768.23730 -921.26685 70.47320 0.00000 0.00000 0.20100
3655 2767.40649 -931.82104 68.65748 0.00000 0.00000 0.14100
3655 2761.96899 -985.32678 76.03636 0.00000 0.00000 0.20100
3629 2773.34058 -946.50916 44.82541 0.00000 -90.00000 180.03865
3629 2773.29980 -969.10071 44.82541 0.00000 -90.00000 180.03865
3655 2764.63257 -974.32446 75.94257 0.00000 0.00000 0.20100
3655 2774.79053 -988.12653 62.81962 0.00000 0.00000 0.20100
3655 2774.39258 -963.87671 62.81962 0.00000 0.00000 0.20100
3655 2773.60669 -952.18762 62.81962 0.00000 0.00000 0.20100
3655 2774.93140 -940.17401 62.81962 0.00000 0.00000 0.20100
3655 2774.31274 -927.84412 62.81962 0.00000 0.00000 0.20100
3629 2784.13037 -969.17993 37.52227 0.00000 -90.00000 180.03865
3655 2792.01270 -987.78113 62.20440 0.00000 0.00000 0.20100
3655 2791.86743 -976.78497 62.20440 0.00000 0.00000 0.20100
3655 2792.37988 -964.62775 62.20442 0.00000 0.00000 0.20100
3655 2791.79883 -953.41791 62.20440 0.00000 0.00000 0.20100
3655 2791.98364 -941.86108 62.20440 0.00000 0.00000 0.20100
3655 2799.97559 -987.88599 53.60807 0.00000 0.00000 0.20100
3629 2809.39868 -968.38336 28.22012 0.00000 -90.00000 179.63261
3629 2785.66577 -940.34235 37.52227 0.00000 -90.00000 180.03865
3629 2776.72754 -910.92084 38.65130 -24.00000 -90.00000 272.44717
3629 2810.61108 -932.67950 28.22012 0.00000 -90.00000 179.63261
3655 2776.99829 -921.18518 62.81962 0.00000 0.00000 0.20100
3655 2793.45483 -930.36780 62.20440 0.00000 0.00000 0.20100
3655 2793.51489 -921.14386 62.20440 0.00000 0.00000 0.20100
3655 2799.07861 -977.09106 53.60807 0.00000 0.00000 0.20100
3655 2799.97559 -965.22937 53.60807 0.00000 0.00000 0.20100
3655 2799.20728 -953.39557 53.60807 0.00000 0.00000 0.20100
3655 2800.41797 -941.84491 53.60807 0.00000 0.00000 0.20100
3655 2799.07739 -930.41309 53.60807 0.00000 0.00000 0.20100
3655 2798.41870 -919.54224 53.60807 0.00000 0.00000 0.20100
3655 2793.60083 -920.35724 58.71607 0.00000 0.00000 0.20100
3655 2821.18726 -1022.54846 25.39724 0.00000 0.00000 0.20100
3655 2822.38525 -1010.29309 24.96117 0.00000 0.00000 -6.00000
3655 2823.72314 -998.20227 23.69161 0.00000 0.00000 -6.00000
3655 2815.71631 -986.58197 52.25350 0.00000 0.00000 90.00000
3655 2830.20435 -909.63818 15.01453 0.00000 0.00000 -6.06000
3655 2825.09326 -908.96161 35.07872 0.00000 0.00000 -6.06000
3655 2827.07251 -910.01331 27.18668 0.00000 0.00000 -5.94000
3655 2826.45850 -921.13593 27.31514 0.00000 0.00000 -6.00000
3655 2823.98120 -920.79865 35.01287 0.00000 0.00000 -5.94000
3655 2828.51660 -920.67017 19.88295 0.00000 0.00000 -5.28000
3655 2828.05957 -931.82715 19.94560 0.00000 0.00000 -5.94000
3655 2825.61279 -932.51874 27.56450 0.00000 0.00000 -6.00000
3655 2824.92188 -943.85065 27.62529 0.00000 0.00000 -6.00000
3655 2827.01611 -943.57526 20.24966 0.00000 0.00000 -6.00000
3655 2822.67505 -943.84009 35.64271 0.00000 0.00000 -6.06000
3655 2823.54053 -932.30072 35.46030 0.00000 0.00000 -6.00000
3655 2827.02466 -954.41272 20.30867 0.00000 0.00000 -6.00000
3655 2824.22437 -954.44861 27.86256 0.00000 0.00000 -6.00000
3655 2822.21167 -953.40552 35.87762 0.00000 0.00000 -6.06000
3655 2822.81079 -963.28619 36.79187 0.00000 0.00000 -5.94000
3655 2825.05859 -963.77515 29.02472 0.00000 0.00000 -6.00000
3655 2826.83350 -963.38812 21.38741 0.00000 0.00000 -5.94000
3655 2823.69775 -975.36304 28.97790 0.00000 0.00000 -6.00000
3655 2821.41675 -975.18439 36.74314 0.00000 0.00000 -6.00000
3655 2820.22144 -986.84521 36.69394 0.00000 0.00000 -6.00000
3655 2822.35327 -986.90106 28.68704 0.00000 0.00000 -6.00000
3655 2824.46362 -986.74200 21.57560 0.00000 0.00000 -6.12000
3655 2825.53931 -974.95966 21.43515 0.00000 0.00000 -5.88000
3655 2828.86011 -909.90082 19.75576 0.00000 0.00000 -6.00000
3655 2830.24951 -920.62360 16.67595 0.00000 0.00000 -6.06000
3655 2829.81885 -931.76440 17.39302 0.00000 0.00000 -6.06000
3655 2828.97363 -943.05316 18.42259 0.00000 0.00000 -6.06000
5441 2785.53003 -876.64056 31.59497 0.00000 23.00000 357.91888
5441 2670.40649 -871.91809 55.13486 0.00000 0.00000 357.46490
12814 2725.73022 -834.13202 55.26149 0.00000 0.00000 357.04742
12814 2737.81152 -923.90613 68.99265 0.00000 0.00000 90.40604
3655 2830.47754 -900.40546 15.01453 0.00000 0.00000 -6.06000
3655 2831.31274 -867.16675 13.43532 0.00000 0.00000 358.54147
3655 2826.25659 -900.23547 20.00655 0.00000 0.00000 358.54147
3655 2823.38721 -899.97705 27.18668 0.00000 0.00000 -5.94000
3655 2820.66016 -902.80817 35.07872 0.00000 0.00000 -6.06000
3655 2788.95752 -864.87701 33.52820 20.00000 0.00000 89.60052
3655 2734.76636 -862.26923 56.46773 20.00000 0.00000 85.27533
3655 2746.40332 -862.49786 52.52772 20.00000 0.00000 86.90590
3655 2768.17261 -864.14197 42.15866 20.00000 0.00000 86.50803
3655 2778.44165 -864.66626 39.03959 20.00000 0.00000 88.83195
3655 2830.93701 -889.00110 13.43532 0.00000 0.00000 358.54147
3655 2821.53418 -889.80914 19.38553 20.00000 0.00000 89.66051
3655 2766.76660 -887.94525 42.26025 20.00000 0.00000 86.93649
3655 2757.08569 -863.57190 47.22546 20.00000 0.00000 88.56558
3655 2811.35474 -865.79694 24.11872 20.00000 0.00000 88.83195
3655 2820.40894 -866.12317 19.38553 20.00000 0.00000 89.60052
3655 2800.09058 -865.34296 28.82928 20.00000 0.00000 86.50803
3655 2811.00830 -889.68988 24.11872 20.00000 0.00000 88.83195
3655 2788.94653 -888.67725 33.70529 20.00000 0.00000 85.77503
3655 2777.56885 -888.19604 37.80058 20.00000 0.00000 87.20889
3655 2744.64648 -887.21283 52.52772 20.00000 0.00000 86.90590
3655 2755.44995 -887.46393 47.22546 20.00000 0.00000 88.56558
3655 2807.52783 -900.70886 35.07872 0.00000 0.00000 -6.06000
3655 2799.59814 -889.39117 28.82928 20.00000 0.00000 86.50803
3655 2814.88770 -972.91028 52.25350 0.00000 0.00000 90.00000
3655 2815.71655 -959.00525 52.25350 0.00000 0.00000 90.00000
3655 2815.24487 -944.53436 52.25350 0.00000 0.00000 90.00000
3655 2816.10205 -929.93591 52.25350 0.00000 0.00000 90.00000
3655 2815.34058 -916.08179 52.25350 0.00000 0.00000 90.00000
12814 2714.87158 -886.84515 58.07551 -26.00000 0.00000 1.06315
12814 2713.52930 -904.12201 55.26149 0.00000 0.00000 357.04742
3655 2743.40430 -897.78210 59.55960 20.00000 0.00000 86.08128
3655 2767.30933 -941.60718 68.61514 0.00000 0.00000 0.20100
3655 2735.06616 -905.36591 69.04529 0.00000 0.00000 0.20100
3655 2747.44702 -902.86108 63.51361 0.00000 0.00000 0.20100
3655 2755.40356 -905.81799 70.47320 0.00000 0.00000 0.20100
3655 2746.31738 -904.32593 71.60059 0.00000 0.00000 0.20100
3655 2755.40356 -905.81799 61.90995 0.00000 0.00000 0.20100
3655 2823.38721 -899.97705 27.18668 0.00000 0.00000 -5.94000
3629 2764.79932 -1000.81433 43.53353 -24.00000 90.00000 272.54721
3629 2792.13989 -999.31488 32.19796 -18.00000 90.00000 272.00000
3655 2819.73535 -998.28687 30.91825 0.00000 0.00000 -6.00000
3655 2815.82129 -999.96045 45.94700 0.00000 0.00000 -6.00000
3655 2817.76782 -997.99030 38.29014 0.00000 0.00000 -6.00000
3655 2814.82446 -1000.41235 52.25350 0.00000 0.00000 90.00000
3655 2803.99414 -902.61530 53.36876 20.00000 0.00000 91.51564
3655 2783.94873 -904.31177 62.43070 20.00000 0.00000 91.51564
3655 2793.09717 -903.12555 56.98660 20.00000 0.00000 91.51564
3655 2772.13818 -904.86285 66.77034 20.00000 0.00000 91.51564
3655 2761.88013 -904.72339 70.47320 0.00000 0.00000 0.20100
3629 2777.86328 -898.50818 36.55777 -24.00000 -90.00000 272.44717
3655 2753.74780 -898.84937 55.15716 20.00000 0.00000 86.08128
3655 2806.96387 -905.60815 43.25922 0.00000 0.00000 -6.06000
3655 2771.14087 -1024.14612 51.41101 20.00000 0.00000 90.73927
3655 2779.23633 -1007.71930 64.21158 20.00000 0.00000 90.73927
3655 2802.11182 -1006.95471 55.12341 20.00000 0.00000 90.73927
19791 2810.34082 -1004.46765 46.84639 0.00000 0.00000 359.17078
3629 2725.62329 -1002.64001 51.97185 0.00000 90.00000 272.54721
3655 2818.73999 -1011.02118 30.91825 0.00000 0.00000 -6.00000
3655 2814.91016 -1020.87939 30.91825 0.00000 0.00000 -6.00000
3655 2815.06787 -1007.64246 38.29014 0.00000 0.00000 -6.00000
3655 2811.81104 -1019.36035 38.29014 0.00000 0.00000 -6.00000
3655 2813.23730 -1007.01617 45.94700 0.00000 0.00000 -6.00000
3655 2809.74048 -1017.88824 45.94700 0.00000 0.00000 -6.00000
3655 2793.36572 -1025.67212 42.49555 20.00000 0.00000 89.66051
3655 2786.87402 -1015.15967 53.08194 20.00000 0.00000 89.56052
3655 2776.00464 -1014.90247 57.43021 20.00000 0.00000 89.56052
3655 2769.20996 -1008.15082 70.28011 20.00000 0.00000 90.73927
3655 2758.52197 -1007.32159 74.71833 20.00000 0.00000 90.73927
3655 2748.31665 -989.61774 76.31139 0.00000 0.00000 4.00797
3655 2734.89673 -991.30133 76.31139 0.00000 0.00000 4.00797
3655 2747.39404 -1007.59595 76.31139 0.00000 0.00000 4.00797
3655 2734.13477 -1007.39172 76.31139 0.00000 0.00000 4.00797
3655 2760.43286 -1022.88715 55.81352 20.00000 0.00000 90.48908
3655 2752.16382 -1017.22308 68.27571 20.00000 0.00000 90.38908
3655 2739.41870 -1018.52307 69.29456 0.00000 0.00000 4.00797
3655 2726.52515 -1014.58514 73.86423 0.00000 0.00000 4.00797
3655 2719.89307 -1007.74316 79.34185 0.00000 0.00000 4.06797
3655 2715.49146 -993.10077 76.31139 0.00000 0.00000 4.00797
3655 2708.96582 -994.75977 79.92466 0.00000 0.00000 4.00797
3655 2732.62231 -991.50775 75.90536 0.00000 0.00000 4.00797
3655 2715.35815 -1014.96625 78.60546 0.00000 0.00000 4.00797
3655 2706.03198 -1012.20862 83.84753 0.00000 0.00000 4.00797
3655 2691.92212 -1011.52100 84.64764 0.00000 0.00000 4.00797
3655 2695.59180 -996.48004 84.45131 0.00000 0.00000 4.00797
3655 2688.39258 -992.80261 86.66740 0.00000 0.00000 4.00797
3655 2682.15137 -985.80151 88.03048 0.00000 0.00000 102.49493
3655 2679.04761 -973.87360 83.49738 0.00000 0.00000 102.49493
3655 2716.15454 -978.72644 75.88463 0.00000 0.00000 1.31062
3655 2716.67749 -967.39087 75.88463 0.00000 0.00000 359.70093
3655 2715.89795 -955.25336 75.04845 0.00000 0.00000 359.70093
3655 2712.51099 -943.20776 75.04845 0.00000 0.00000 359.70093
3655 2713.13599 -931.33215 72.88715 0.00000 0.00000 359.70093
3655 2707.28711 -919.66980 72.16579 0.00000 0.00000 359.70093
3655 2703.88208 -979.35883 81.17347 0.00000 0.00000 93.96278
3655 2689.06396 -984.47864 83.51083 0.00000 0.00000 95.19739
3655 2687.22070 -970.87683 82.80179 0.00000 0.00000 95.19739
3655 2701.24951 -965.86847 81.17347 0.00000 0.00000 93.96278
3655 2698.93237 -954.74036 81.17347 0.00000 0.00000 93.96278
3655 2685.49585 -959.19531 81.17347 0.00000 0.00000 93.96278
3655 2698.40552 -947.91638 73.77048 0.00000 0.00000 93.96278
3655 2684.95898 -950.32269 73.77048 0.00000 0.00000 93.96278
3655 2698.75537 -935.44263 71.05849 0.00000 0.00000 93.90279
3655 2684.35010 -936.57086 71.05849 0.00000 0.00000 93.90279
3655 2711.55322 -896.70380 64.31734 0.00000 0.00000 355.71918
3655 2712.48486 -884.76038 58.93801 0.00000 0.00000 355.71918
3655 2710.72192 -908.00232 70.61493 0.00000 0.00000 355.71918
3655 2722.94556 -863.73914 58.93801 0.00000 0.00000 355.71918
3655 2708.82935 -868.07794 58.93801 0.00000 0.00000 355.71918
3655 2733.72388 -894.85040 63.14736 0.00000 0.00000 1.26998
3655 2733.58643 -885.64862 55.95356 0.00000 0.00000 1.26998
3655 2815.76001 -999.99841 45.94700 0.00000 0.00000 -6.00000
3655 2818.97534 -987.04108 45.94700 0.00000 0.00000 -6.00000
3655 2820.30347 -975.44702 44.67117 0.00000 0.00000 -6.00000
3655 2821.11987 -963.89343 44.67117 0.00000 0.00000 -6.00000
3655 2821.39697 -951.97638 44.67117 0.00000 0.00000 -6.00000
3655 2822.26587 -940.32263 44.67117 0.00000 0.00000 -6.00000
3655 2823.45410 -928.92432 44.67117 0.00000 0.00000 -6.00000
3655 2824.53613 -917.09387 44.67117 0.00000 0.00000 -6.00000
3655 2819.49878 -907.08984 44.67117 0.00000 0.00000 -6.00000
3655 2663.96729 -971.60022 80.86404 0.00000 0.00000 102.49490
3655 2676.37524 -959.11090 81.29079 0.00000 0.00000 102.49493
3655 2671.70996 -947.69031 78.46291 0.00000 0.00000 102.49493
3655 2660.69897 -956.37531 79.90667 0.00000 0.00000 102.49493
3655 2643.69189 -958.02490 81.77735 0.00000 0.00000 102.49493
3655 2628.29053 -937.92474 80.26350 0.00000 0.00000 7.18622
3655 2642.48071 -936.26013 79.34737 0.00000 0.00000 7.18622
3655 2624.58838 -918.93835 80.87870 0.00000 0.00000 7.18622
3655 2638.51880 -917.21307 79.13821 0.00000 0.00000 7.18622
3655 2662.89160 -937.68939 78.30965 0.00000 0.00000 7.18622
3655 2652.87280 -914.44312 76.56659 0.00000 0.00000 7.18622
3655 2668.97705 -937.01654 75.26108 0.00000 0.00000 93.90279
3655 2662.03687 -932.00415 77.15997 0.00000 0.00000 93.90279
3655 2672.09692 -929.13428 74.22086 0.00000 0.00000 93.90279
3655 2665.96753 -911.37451 74.93816 0.00000 0.00000 93.90279
3655 2677.78516 -908.99017 72.65322 0.00000 0.00000 93.90279
12814 2681.50537 -924.56659 68.35183 0.00000 0.00000 1.06320
3655 2685.42993 -907.45892 71.15848 0.00000 0.00000 93.90279
3655 2700.59790 -911.42535 71.15848 0.00000 0.00000 93.90279
3655 2700.57007 -898.04712 71.15848 0.00000 0.00000 93.90279
12814 2680.92358 -876.21649 59.89936 -20.00000 0.00000 1.00000
3655 2684.38281 -893.95544 68.21937 0.00000 0.00000 93.90279
3655 2699.56860 -888.02826 58.53954 0.00000 0.00000 93.90279
3655 2684.05542 -880.24091 66.88642 0.00000 0.00000 93.90279
3655 2697.58325 -869.67841 62.71417 0.00000 0.00000 93.90279
3655 2683.15576 -866.70575 66.72221 0.00000 0.00000 93.90279
3655 2699.56860 -888.02826 66.88642 0.00000 0.00000 93.90279
3655 2711.75464 -887.13043 64.31734 0.00000 0.00000 355.71918
3655 2734.34766 -885.77319 60.76674 0.00000 0.00000 1.26998
10675 2725.61890 -820.97455 58.50078 0.00000 0.00000 358.03851
3629 2754.39697 -857.41638 22.31389 -24.00000 -90.00000 266.25055
3629 2792.54883 -859.51660 4.63979 -24.00000 -90.00000 266.25055
3629 2737.90405 -834.91718 33.05577 0.00000 90.00000 357.79807
10675 2724.41968 -844.05377 58.50078 0.00000 0.00000 358.03851
19313 2734.91699 -809.78589 55.48026 0.00000 0.00000 357.48438
19313 2720.89648 -809.09308 55.48026 0.00000 0.00000 357.48438
19313 2741.54175 -816.98169 55.48030 0.00000 0.00000 87.23875
19313 2740.85962 -830.97913 55.48030 0.00000 0.00000 87.23875
19313 2740.17017 -844.89368 55.48030 0.00000 0.00000 87.23875
19313 2739.58789 -858.83093 55.48030 0.00000 0.00000 87.23875
3629 2715.69678 -811.06555 33.05580 0.00000 90.00000 87.28943
3655 2706.37451 -814.10400 58.32281 0.00000 0.00000 355.71918
3655 2706.08423 -825.77399 58.32281 0.00000 0.00000 355.71918
3655 2704.16333 -836.61310 58.32281 0.00000 0.00000 355.71918
3655 2689.52881 -848.17645 65.52814 0.00000 0.00000 4.81286
3655 2709.91528 -863.30896 58.93801 0.00000 0.00000 355.71918
3655 2699.19556 -864.89954 62.82848 0.00000 0.00000 93.90279
3655 2703.73364 -847.91437 58.32281 0.00000 0.00000 355.71918
3655 2679.96680 -848.15710 67.08586 0.00000 0.00000 93.90279
3655 2702.87573 -847.74774 64.84874 0.00000 0.00000 355.71918
3655 2734.35034 -860.35535 58.12181 0.00000 0.00000 355.71918
3655 2402.57129 -1001.04810 78.68527 0.00000 0.00000 91.69283
3629 2417.88599 -1011.88861 53.74884 0.00000 90.00000 271.87463
3655 2398.98193 -1018.07361 54.35648 0.00000 0.00000 89.61490
3655 2399.11011 -1016.23993 69.91960 0.00000 0.00000 91.69283
3655 2399.19995 -1017.29956 61.81458 0.00000 0.00000 89.61490
3655 2410.64282 -1018.76904 54.35648 0.00000 0.00000 89.61490
3655 2410.73315 -1017.82159 61.81458 0.00000 0.00000 89.61490
3655 2410.54272 -1016.17236 69.91960 0.00000 0.00000 91.69283
3655 2422.27344 -1018.56116 54.35648 0.00000 0.00000 89.61490
3655 2422.36182 -1017.21423 61.81458 0.00000 0.00000 89.61490
3655 2422.14551 -1016.28876 69.91960 0.00000 0.00000 91.69283
3655 2433.15674 -1014.46875 68.89432 0.00000 0.00000 96.54688
3655 2433.38086 -1017.22351 54.35648 0.00000 0.00000 96.54688
3655 2433.45190 -1016.10040 61.43637 0.00000 0.00000 96.54688
3655 2443.50928 -1011.93176 71.08360 0.00000 0.00000 96.54688
3655 2444.50830 -1015.03009 58.32443 0.00000 0.00000 96.54688
3655 2443.94580 -1013.27435 65.01295 0.00000 0.00000 96.54688
3629 2467.90259 -1010.14624 53.74884 0.00000 90.00000 271.87463
3655 2456.45557 -1010.72339 70.97121 0.00000 0.00000 87.93685
3655 2456.40698 -1015.48071 60.94545 0.00000 0.00000 87.93685
3655 2456.50781 -1013.53137 67.72005 0.00000 0.00000 87.93685
3655 2468.10938 -1017.00433 60.94545 0.00000 0.00000 87.93685
3655 2468.21680 -1015.33679 67.72005 0.00000 0.00000 87.93685
3655 2468.28271 -1013.15479 70.97121 0.00000 0.00000 87.93685
3655 2410.20654 -1000.66614 78.68527 0.00000 0.00000 91.69283
3655 2422.13525 -1000.30566 78.68527 0.00000 0.00000 91.69283
3655 2433.90527 -1000.47510 78.68527 0.00000 0.00000 91.69283
3655 2446.11743 -1000.59869 78.68527 0.00000 0.00000 91.69283
3655 2457.33154 -1000.38385 78.68527 0.00000 0.00000 91.69283
3655 2469.35278 -1000.05511 78.68527 0.00000 0.00000 91.69283
3655 2480.86304 -999.70477 78.68527 0.00000 0.00000 91.69283
19313 2468.80200 -992.47998 81.36220 0.00000 0.00000 1.49474
19313 2454.69507 -992.79999 81.36220 0.00000 0.00000 1.49474
19313 2440.67505 -993.37909 81.36220 0.00000 0.00000 1.49474
3655 2481.91333 -1016.65845 70.62561 0.00000 0.00000 77.87074
3655 2481.50269 -1019.02704 65.90488 0.00000 0.00000 77.87074
3655 2492.87598 -1022.98590 68.09080 0.00000 0.00000 77.87074
3655 2493.50024 -1018.79291 72.00655 0.00000 0.00000 77.87074
14409 2440.74927 -991.85211 77.61690 0.00000 0.00000 90.00000
14409 2491.06738 -994.70178 77.61690 0.00000 0.00000 152.00000
3629 2467.60205 -997.76709 53.74880 0.00000 -90.00000 271.87460
19377 2487.88428 -996.21869 79.92366 0.00000 0.00000 331.57217
14409 2495.33765 -1008.68317 72.61932 0.00000 0.00000 271.00000
19377 2497.40771 -1003.79211 74.76652 0.00000 0.00000 267.08209
19377 2497.18506 -1011.21448 73.04073 0.00000 0.00000 267.08209
14409 2495.26538 -1004.75885 72.61932 0.00000 0.00000 271.00000
3629 2511.53369 -1014.16034 48.91864 0.00000 90.00000 248.21964
3655 2508.89648 -1000.33002 73.76144 0.00000 0.00000 66.45991
3655 2519.50098 -1005.43591 73.76144 0.00000 0.00000 66.45991
3655 2530.38037 -1010.03003 73.76144 0.00000 0.00000 66.45991
3655 2504.44629 -1019.19092 72.63405 0.00000 0.00000 66.45991
3655 2515.67725 -1023.10712 73.76144 0.00000 0.00000 66.45991
3655 2526.73047 -1027.13159 73.76144 0.00000 0.00000 66.45991
3655 2511.54077 -1031.06140 71.46148 0.00000 0.00000 77.87074
3655 2522.64551 -1032.29895 71.46150 0.00000 0.00000 86.00000
3655 2534.52881 -1033.12256 71.46150 0.00000 0.00000 86.00000
3655 2546.36133 -1032.95618 71.46150 0.00000 0.00000 86.00000
3629 2559.09326 -1021.15051 48.91860 0.00000 90.00000 85.33592
3655 2541.63599 -1013.43060 73.76144 0.00000 0.00000 66.45991
3655 2536.45386 -1029.69568 73.76144 0.00000 0.00000 66.45991
3655 2557.24487 -1033.86523 71.46150 0.00000 0.00000 91.71721
3655 2551.48779 -1016.86444 73.41959 0.00000 0.00000 75.94067
3655 2560.58398 -1017.98029 73.42297 0.00000 0.00000 91.71721
3655 2572.84058 -1018.08405 73.42300 0.00000 0.00000 86.00000
3655 2568.86157 -1034.31812 71.46150 0.00000 0.00000 87.05840
3655 2574.80762 -1034.04956 71.46150 0.00000 0.00000 87.05840
14409 2582.56934 -1031.83191 67.71648 0.00000 0.00000 175.62263
3655 2503.09009 -1024.27014 69.69080 0.00000 0.00000 77.87074
19313 2484.43018 -1011.16107 76.76064 0.00000 0.00000 1.70183
19313 2470.39844 -1011.60095 76.76064 0.00000 0.00000 1.70183
19313 2456.33862 -1012.01282 76.76064 0.00000 0.00000 1.70183
19313 2442.29980 -1012.44727 76.76064 0.00000 0.00000 1.70183
19313 2428.26025 -1012.85266 76.76064 0.00000 0.00000 1.70183
19313 2414.24146 -1013.26678 76.76064 0.00000 0.00000 1.70183
19313 2400.19116 -1013.76471 76.76064 0.00000 0.00000 1.70183
19377 2398.25610 -997.93500 77.66050 0.00000 90.00000 1.35501
14409 2394.87036 -1005.70575 74.31290 0.00000 0.00000 178.26688
19377 2392.92114 -998.49634 62.93925 0.00000 0.00000 1.35500
19377 2392.92114 -998.49634 72.96937 0.00000 0.00000 1.35500
19377 2393.20923 -1001.83759 72.32862 0.00000 0.00000 351.30771
19377 2393.20923 -1001.83759 62.93930 0.00000 0.00000 351.30771
19313 2392.97217 -996.18256 78.06810 0.00000 0.00000 91.75595
19313 2393.00757 -1006.97894 77.85075 0.00000 0.00000 89.05861
3655 2755.25537 -926.94208 71.63464 0.00000 0.00000 359.70093
3655 2742.09082 -926.53998 71.63464 0.00000 0.00000 359.70093
3655 2730.01587 -927.12866 71.63464 0.00000 0.00000 359.70093
14409 2721.69824 -926.31360 66.71030 0.00000 0.00000 0.00000
3655 2761.89404 -989.18195 69.70060 0.00000 0.00000 0.20100
3655 2767.01465 -977.36371 69.65908 0.00000 0.00000 0.20100
3655 2765.27026 -962.53070 75.53653 0.00000 0.00000 0.20100
3655 2763.88916 -950.61414 74.48287 0.00000 0.00000 0.20100
3655 2764.25049 -938.73615 74.48287 0.00000 0.00000 0.20100
3594 2591.63916 -988.52069 78.85590 0.00000 0.00000 90.00000
3594 2591.14868 -986.24084 79.49223 0.00000 0.00000 90.00000
3594 2566.20483 -971.13403 81.74191 0.00000 0.00000 89.69775
3594 2566.80786 -973.96149 81.74191 0.00000 0.00000 89.69775
3594 2566.94556 -972.27094 82.50765 0.00000 0.00000 89.69775
3655 2668.33057 -850.35651 69.63810 0.00000 0.00000 93.90279
3655 2668.97021 -867.38452 70.16529 0.00000 0.00000 93.90279
3655 2668.40747 -881.75024 71.92260 0.00000 0.00000 93.90279
3655 2668.24927 -894.44232 71.92260 0.00000 0.00000 93.90279
3629 2645.02075 -908.68604 51.31740 -9.00000 90.00000 276.84305
3655 2656.71069 -895.61261 66.56615 0.00000 0.00000 94.08279
3655 2644.88135 -898.44238 69.24222 0.00000 0.00000 94.08279
3655 2632.69678 -900.38293 70.54388 0.00000 0.00000 94.08279
3655 2621.11597 -902.56927 72.23935 0.00000 0.00000 7.18622
3629 2598.35278 -910.52649 54.94385 0.00000 -90.00000 276.29227
3655 2607.43115 -903.76495 80.26350 0.00000 0.00000 7.18622
3655 2595.38916 -906.44531 80.87870 0.00000 0.00000 7.18622
3655 2573.07983 -933.26117 85.02922 0.00000 0.00000 8.55854
3655 2682.90210 -927.18762 71.63895 0.00000 0.00000 93.90279
3655 2682.90210 -927.18762 71.63895 0.00000 0.00000 93.90279
3655 2699.56787 -923.28003 70.93118 0.00000 0.00000 359.70093
3655 2575.73193 -896.05920 82.97338 0.00000 0.00000 7.18622
3655 2577.39087 -883.77612 82.97338 0.00000 0.00000 7.18622
3655 2594.35449 -888.90839 80.39271 0.00000 0.00000 7.18622
3655 2608.23071 -885.45978 79.05832 0.00000 0.00000 7.18622
3655 2621.11597 -902.56927 80.87870 0.00000 0.00000 7.18622
3655 2644.83691 -898.43671 76.57190 0.00000 0.00000 94.08279
3655 2656.71069 -895.61261 74.53393 0.00000 0.00000 94.08279
3655 2632.69678 -900.38293 78.46083 0.00000 0.00000 94.08279
3655 2621.82349 -882.44489 77.36258 0.00000 0.00000 7.18622
3655 2635.59277 -880.25623 74.43933 0.00000 0.00000 7.18622
3655 2649.19604 -879.07794 72.35825 0.00000 0.00000 7.18622
3655 2646.90137 -864.25488 72.35825 0.00000 0.00000 7.18622
3655 2655.10718 -847.33173 71.41587 0.00000 0.00000 5.31143
3655 2641.38696 -849.74420 73.71461 0.00000 0.00000 5.31143
3655 2627.75415 -851.89331 76.52739 0.00000 6.00000 5.00000
3655 2613.93164 -853.17719 78.74725 0.00000 6.00000 5.00000
3655 2599.96094 -854.57257 80.89634 0.00000 6.00000 5.00000
3655 2586.82495 -855.74426 82.58814 0.00000 6.00000 5.00000
3655 2576.98535 -872.58533 82.97338 0.00000 0.00000 7.18622
3655 2576.57983 -861.11633 82.97338 0.00000 0.00000 7.18622
3655 2633.04810 -865.97577 76.52739 0.00000 6.00000 5.00000
3655 2615.18359 -868.03729 77.82176 0.00000 6.00000 5.00000
3655 2604.47534 -869.93341 79.70521 0.00000 6.00000 5.00000
3655 2593.92261 -871.04236 81.75499 0.00000 6.00000 5.00000
12814 2502.03857 -823.97333 94.46851 0.00000 0.00000 0.00000
12814 2531.72827 -823.90509 94.46851 0.00000 0.00000 0.00000
3655 2491.18872 -844.71167 97.81712 0.00000 0.00000 94.95812
3655 2489.02271 -831.16351 98.82470 0.00000 0.00000 94.95810
3655 2489.11670 -817.07318 98.82470 0.00000 0.00000 94.95810
3655 2488.33569 -806.19910 98.82471 0.00000 0.00000 94.95812
3655 2535.96802 -841.85193 96.95895 0.00000 0.00000 1.38480
3655 2543.58936 -840.99225 96.95895 0.00000 0.00000 1.38480
14407 2530.63135 -817.85486 92.86081 0.00000 0.00000 90.00000
14407 2534.61157 -819.94427 94.31170 0.00000 0.00000 0.63516
18764 2535.01514 -817.73181 93.83035 0.00000 0.00000 0.00000
14407 2534.73779 -815.51428 94.31170 0.00000 0.00000 180.63519
19377 2530.61328 -815.82062 89.19756 58.00000 0.00000 90.00000
19377 2530.54443 -819.79877 89.19756 58.00000 0.00000 90.00000
19377 2532.69678 -819.87054 90.67084 58.00000 0.00000 0.00000
19377 2532.75513 -815.57343 90.67080 58.00000 0.00000 180.00000
19377 2546.46680 -810.11957 102.31927 0.00000 0.00000 0.00000
18765 2535.02832 -808.32135 95.09563 0.00000 0.00000 0.00000
18765 2534.74756 -826.86591 95.09050 0.00000 0.00000 0.00000
18765 2541.56470 -817.18793 95.09050 0.00000 0.00000 0.00000
18765 2541.63452 -826.92511 95.09050 0.00000 0.00000 0.00000
18765 2541.58984 -808.38330 95.09050 0.00000 0.00000 0.00000
18770 2531.13843 -804.33893 7.43829 0.00000 0.00000 0.00000
18770 2530.79272 -830.85278 7.43829 0.00000 0.00000 0.00000
18770 2545.59790 -830.88269 7.43829 0.00000 0.00000 0.00000
18770 2545.45850 -804.37689 7.43829 0.00000 0.00000 0.00000
19377 2536.63281 -817.63580 92.89301 0.00000 0.00000 0.00000
19377 2546.42529 -819.55963 102.31927 0.00000 0.00000 0.00000
19377 2546.44482 -826.88055 102.31927 0.00000 0.00000 0.00000
13641 2539.20264 -816.38275 86.57706 0.00000 0.00000 89.93881
19325 2541.44092 -803.52960 105.37310 0.00000 0.00000 90.00000
19325 2534.94604 -803.53253 105.37309 0.00000 0.00000 90.00000
19325 2534.94604 -803.53253 97.64958 0.00000 0.00000 90.00000
19325 2534.94604 -803.53253 101.49508 0.00000 0.00000 90.00000
19325 2541.42261 -803.53772 101.49510 0.00000 0.00000 90.00000
19325 2541.44092 -803.52960 97.64960 0.00000 0.00000 90.00000
19362 2532.96826 -803.51349 100.76306 0.00000 0.00000 90.00000
19362 2537.66235 -803.54242 105.65170 0.00000 0.00000 90.00000
19362 2542.87354 -803.55029 105.65170 0.00000 0.00000 90.00000
19362 2532.96826 -803.51349 105.65170 0.00000 0.00000 90.00000
19362 2537.66235 -803.54242 100.76310 0.00000 0.00000 90.00000
19362 2542.87354 -803.55029 100.76310 0.00000 0.00000 90.00000
13641 2539.01245 -844.05658 86.57706 0.00000 0.00000 90.34485
19325 2541.44238 -831.76764 97.64960 0.00000 0.00000 90.00000
19325 2534.94604 -803.53253 97.64958 0.00000 0.00000 90.00000
19325 2534.91016 -831.78387 97.64960 0.00000 0.00000 90.00000
19325 2534.91016 -831.78387 105.37310 0.00000 0.00000 90.00000
19325 2534.91016 -831.78387 101.49510 0.00000 0.00000 90.00000
19325 2541.44238 -831.76758 101.49510 0.00000 0.00000 90.00000
19325 2541.44238 -831.76758 105.37310 0.00000 0.00000 90.00000
19362 2543.08862 -831.69543 100.76310 0.00000 0.00000 90.00000
19362 2538.32935 -831.71515 100.76310 0.00000 0.00000 90.00000
19362 2533.47876 -831.74103 100.76310 0.00000 0.00000 90.00000
19362 2543.08862 -831.69537 19362.00000 0.00000 0.00000 90.00000
19362 2543.08862 -831.69537 105.65170 0.00000 0.00000 90.00000
19362 2538.32935 -831.71509 105.65170 0.00000 0.00000 90.00000
19362 2533.47876 -831.74103 105.65170 0.00000 0.00000 90.00000
18762 2530.65454 -807.66730 107.01789 90.00000 0.00000 0.00000
18762 2530.65210 -812.53790 107.01789 90.00000 0.00000 0.00000
18762 2530.67627 -817.48730 107.01789 90.00000 0.00000 0.00000
18762 2530.66260 -822.47937 107.01789 90.00000 0.00000 0.00000
18762 2530.67017 -827.39984 107.01789 90.00000 0.00000 0.00000
18762 2534.47021 -803.90375 107.01790 90.00000 0.00000 90.00000
18762 2539.46362 -803.92407 107.01790 90.00000 0.00000 90.00000
18762 2543.63306 -803.92517 107.01790 90.00000 0.00000 90.00000
18762 2546.17163 -807.43011 107.01789 90.00000 0.00000 0.00000
18762 2546.17822 -812.25879 107.01789 90.00000 0.00000 0.00000
18762 2546.14307 -817.01697 107.01789 90.00000 0.00000 0.00000
18762 2546.14966 -821.86731 107.01789 90.00000 0.00000 0.00000
18762 2546.10938 -826.82898 107.01789 90.00000 0.00000 0.00000
18762 2546.09595 -829.36023 107.01789 90.00000 0.00000 0.00000
19377 2535.29053 -808.81500 107.50192 0.00000 90.00000 90.00000
19377 2541.24731 -808.82050 107.50192 0.00000 90.00000 90.00000
19377 2541.30518 -818.99756 107.50192 0.00000 90.00000 90.00000
19377 2541.34668 -826.50867 107.50192 0.00000 90.00000 90.00000
19377 2535.32910 -826.37317 107.50192 0.00000 90.00000 90.00000
19377 2535.35522 -817.44336 107.50192 0.00000 90.00000 90.00000
18762 2533.67456 -831.34387 107.01790 90.00000 0.00000 90.00000
18762 2538.49463 -831.42078 107.01790 90.00000 0.00000 90.00000
18762 2542.96973 -831.33618 107.01790 90.00000 0.00000 90.00000
2435 2537.07666 -817.16608 97.58810 0.00000 0.00000 -90.00000
2435 2537.07178 -818.08130 97.58810 0.00000 0.00000 -90.00000
2435 2537.08154 -816.24579 97.58810 0.00000 0.00000 -90.00000
2435 2537.09253 -815.32568 97.58810 0.00000 0.00000 -90.00000
2434 2537.07495 -818.98138 97.58810 0.00000 0.00000 -90.00000
2434 2537.27979 -814.19727 97.58810 0.00000 0.00000 178.00000
14820 2537.18018 -817.79742 98.64230 0.00000 0.00000 90.00000
14820 2537.17163 -815.63007 98.64230 0.00000 0.00000 90.00000
19377 2546.50415 -832.04712 95.08281 0.00000 0.00000 0.00000
19377 2546.60156 -803.70844 84.92168 0.00000 0.00000 0.00000
19377 2541.83252 -798.95135 84.86548 0.00000 0.00000 90.00000
19377 2532.24756 -798.94360 85.55583 0.00000 0.00000 90.00000
19377 2522.71094 -798.98010 95.08280 0.00000 0.00000 90.00000
19377 2513.20435 -798.97937 95.08280 0.00000 0.00000 90.00000
19377 2503.56714 -799.04095 95.08280 0.00000 0.00000 90.00000
19377 2495.47485 -798.99518 95.08280 0.00000 0.00000 90.00000
19377 2546.60156 -803.70844 95.08281 0.00000 0.00000 0.00000
19377 2546.58521 -813.18640 95.08281 0.00000 0.00000 0.00000
19377 2546.57666 -822.68787 95.08281 0.00000 0.00000 0.00000
19377 2546.59888 -832.13727 95.08281 0.00000 0.00000 0.00000
19377 2546.58521 -813.18640 84.92170 0.00000 0.00000 0.00000
19377 2546.57666 -822.68793 84.92170 0.00000 0.00000 0.00000
19377 2546.59888 -832.13733 84.92170 0.00000 0.00000 0.00000
19377 2541.83252 -798.95135 95.08280 0.00000 0.00000 90.00000
19377 2532.24756 -798.94360 95.08280 0.00000 0.00000 90.00000
2232 2530.31519 -804.39294 101.60281 0.00000 0.00000 -90.00000
2232 2530.30859 -804.44897 100.42588 0.00000 0.00000 -90.00000
2232 2530.31494 -804.40631 98.21279 0.00000 0.00000 -90.00000
2232 2530.31519 -804.39960 99.36760 0.00000 0.00000 -90.00000
2232 2530.30933 -805.07056 98.21279 0.00000 0.00000 -90.00000
2232 2530.30933 -805.07056 99.36760 0.00000 0.00000 -90.00000
2232 2530.30933 -805.07056 101.60281 0.00000 0.00000 -90.00000
2232 2530.30933 -805.07056 100.42588 0.00000 0.00000 -90.00000
2232 2530.13208 -812.92493 99.38766 0.00000 0.00000 -90.00000
2232 2530.13208 -812.92493 98.21279 0.00000 0.00000 -90.00000
2232 2530.21191 -812.26917 99.34121 0.00000 0.00000 -90.00000
2232 2530.21191 -812.26917 98.21279 0.00000 0.00000 -90.00000
2232 2530.10425 -822.31158 99.23605 0.00000 0.00000 -90.00000
2232 2530.10571 -823.02045 99.33715 0.00000 0.00000 -90.00000
2232 2530.10571 -823.02045 98.11179 0.00000 0.00000 -90.00000
2232 2530.10425 -822.31158 98.11179 0.00000 0.00000 -90.00000
2232 2529.93213 -830.13153 99.22998 0.00000 0.00000 -90.00000
2232 2529.89136 -830.79028 99.25186 0.00000 0.00000 -90.00000
2232 2529.89136 -830.79028 98.11179 0.00000 0.00000 -90.00000
2232 2529.93213 -830.13153 98.11179 0.00000 0.00000 -90.00000
16151 2498.42896 -800.09637 94.80960 0.00000 0.00000 90.00000
643 2496.26709 -804.45654 95.07982 0.00000 0.00000 0.00000
643 2500.00073 -804.61060 95.07982 0.00000 0.00000 0.00000
643 2503.37256 -802.34229 95.07982 0.00000 0.00000 0.00000
643 2498.09595 -808.82281 95.07982 0.00000 0.00000 0.00000
643 2503.11328 -807.64313 95.07982 0.00000 0.00000 0.00000
643 2506.30078 -804.59082 95.07982 0.00000 0.00000 0.00000
643 2508.85010 -801.62091 95.07982 0.00000 0.00000 0.00000
1823 2542.22046 -830.76074 97.58736 0.00000 0.00000 0.00000
1823 2538.69922 -830.80005 97.58736 0.00000 0.00000 0.00000
1823 2535.49463 -830.76178 97.58736 0.00000 0.00000 0.00000
1823 2542.87915 -805.83008 97.58736 0.00000 0.00000 0.00000
19457 2536.58838 -829.92590 97.58201 0.00000 90.00000 90.00000
19457 2542.01050 -830.02002 97.57695 0.00000 90.00000 90.00000
2125 2543.30493 -804.33148 97.97449 0.00000 0.00000 -0.06000
2125 2542.17310 -805.47925 97.97449 0.00000 0.00000 0.00000
2125 2535.07202 -830.22101 97.97449 0.00000 0.00000 0.00000
2125 2536.00488 -831.27643 97.97449 0.00000 0.00000 0.00000
2125 2538.07861 -830.23956 97.97449 0.00000 0.00000 0.00000
2125 2539.15894 -831.43481 97.97449 0.00000 0.00000 0.00000
2125 2541.51636 -830.25409 97.97449 0.00000 0.00000 0.00000
2125 2542.77393 -831.33105 97.97449 0.00000 0.00000 0.00000
19457 2536.88599 -805.26007 97.58201 0.00000 90.00000 90.00000
19457 2541.77661 -805.29138 97.57695 0.00000 90.00000 90.00000
1823 2532.70239 -830.70770 97.58736 0.00000 0.00000 0.00000
2125 2533.20654 -831.14142 97.97449 0.00000 0.00000 0.00000
2125 2532.03613 -830.24481 97.97449 0.00000 0.00000 0.00000
1823 2533.95313 -805.89972 97.58736 0.00000 0.00000 0.00000
2125 2533.25366 -805.29749 97.97449 0.00000 0.00000 0.00000
2125 2534.32397 -804.40070 97.97449 0.00000 0.00000 0.00000
2125 2537.43945 -804.39014 97.97449 0.00000 0.00000 0.00000
2125 2536.44482 -805.37860 97.97449 0.00000 0.00000 0.00000
1823 2536.98560 -805.88922 97.58736 0.00000 0.00000 0.00000
1823 2539.88550 -805.87433 97.58736 0.00000 0.00000 0.00000
2125 2540.28247 -804.37598 97.97449 0.00000 0.00000 -0.06000
2125 2539.17261 -805.38885 97.97449 0.00000 0.00000 0.00000
18656 2531.25977 -803.16528 106.33739 120.00000 0.00000 0.00000
18656 2532.20972 -832.02594 106.33740 120.00000 0.00000 193.00000
8874 2536.00439 -806.84064 102.84232 -105.00000 0.00000 25.00000
8874 2533.96021 -826.52686 102.84230 -105.00000 0.00000 91.00000
3438 2546.29761 -821.29285 101.13535 0.00000 0.00000 359.69696
3438 2546.36475 -814.45221 101.13535 0.00000 0.00000 359.69696
19128 2540.11670 -820.75854 97.58782 0.00000 0.00000 0.00000
19128 2540.23608 -816.75598 97.58782 0.00000 0.00000 0.00000
19128 2540.24243 -812.95758 97.58782 0.00000 0.00000 0.00000
19128 2544.24170 -812.92480 97.58782 0.00000 0.00000 0.00000
19128 2544.19312 -816.79315 97.58782 0.00000 0.00000 0.00000
19128 2544.08643 -820.73688 97.58782 0.00000 0.00000 0.00000
970 2530.20239 -806.87549 98.10220 0.00000 0.00000 90.00000
970 2530.21680 -811.02856 98.10220 0.00000 0.00000 90.00000
970 2529.85107 -825.42487 98.10220 0.00000 0.00000 90.00000
970 2529.83887 -829.48254 98.10220 0.00000 0.00000 90.00000
1215 2532.62305 -815.58704 96.68025 0.00000 0.00000 0.00000
1215 2532.69751 -820.06708 96.68025 0.00000 0.00000 0.00000
1215 2532.72095 -822.06079 97.69638 0.00000 0.00000 0.00000
1215 2532.69800 -813.13116 97.69638 0.00000 0.00000 0.00000
19455 2546.11816 -817.81702 101.49570 0.00000 0.00000 0.00000
3655 2774.38354 -988.01575 69.70060 0.00000 0.00000 0.20100
19791 2788.69360 -989.24414 49.30449 0.00000 0.00000 0.00000